country	year	population	area	density
Afghanistan	1950	8150368	647500	12.6
Afghanistan	1960	9829450	647500	15.2
Afghanistan	1970	12430623	647500	19.2
Afghanistan	1980	15112149	647500	23.3
Afghanistan	1990	14669339	647500	22.7
Afghanistan	2000	23898198	647500	36.9
Afghanistan	2010	34504794	647500	53.3
Albania	1950	1227156	27400	44.8
Albania	1960	1623114	27400	59.2
Albania	1970	2156612	27400	78.7
Albania	1980	2671412	27400	97.5
Albania	1990	3250778	27400	118.6
Albania	2000	3473835	27400	126.8
Albania	2010	3659616	27400	133.6
Algeria	1950	8892718	2381741	3.7
Algeria	1960	10909294	2381741	4.6
Algeria	1970	13931846	2381741	5.8
Algeria	1980	18806061	2381741	7.9
Algeria	1990	25089032	2381741	10.5
Algeria	2000	30429227	2381741	12.8
Algeria	2010	34586184	2381741	14.5
American Samoa	1950	19100	199	96.0
American Samoa	1960	20000	199	100.5
American Samoa	1970	27267	199	137.0
American Samoa	1980	32418	199	162.9
American Samoa	1990	47199	199	237.2
American Samoa	2000	57771	199	290.3
American Samoa	2010	66432	199	333.8
Andorra	1950	6176	451	13.7
Andorra	1960	8392	451	18.6
Andorra	1970	19545	451	43.3
Andorra	1980	33584	451	74.5
Andorra	1990	52747	451	117.0
Andorra	2000	65099	451	144.3
Andorra	2010	84525	451	187.4
Angola	1950	4117617	1246699	3.3
Angola	1960	4797344	1246699	3.8
Angola	1970	5605626	1246699	4.5
Angola	1980	6743080	1246699	5.4
Angola	1990	8296606	1246699	6.7
Angola	2000	10377267	1246699	8.3
Angola	2010	13068161	1246699	10.5
Anguilla	1950	5219	102	51.2
Anguilla	1960	5648	102	55.4
Anguilla	1970	6100	102	59.8
Anguilla	1980	6515	102	63.9
Anguilla	1990	8411	102	82.5
Anguilla	2000	11426	102	112.0
Anguilla	2010	14764	102	144.7
Antigua and Barbuda	1950	45816	443	103.4
Antigua and Barbuda	1960	54500	443	123.0
Antigua and Barbuda	1970	65624	443	148.1
Antigua and Barbuda	1980	68546	443	154.7
Antigua and Barbuda	1990	64162	443	144.8
Antigua and Barbuda	2000	75351	443	170.1
Antigua and Barbuda	2010	86754	443	195.8
Argentina	1950	17150336	2736690	6.3
Argentina	1960	20616009	2736690	7.5
Argentina	1970	23962313	2736690	8.8
Argentina	1980	28369799	2736690	10.4
Argentina	1990	33035578	2736690	12.1
Argentina	2000	37335653	2736690	13.6
Argentina	2010	41343201	2736690	15.1
Armenia	1950	1355269	28400	47.7
Armenia	1960	1868852	28400	65.8
Armenia	1970	2519745	28400	88.7
Armenia	1980	3115289	28400	109.7
Armenia	1990	3376783	28400	118.9
Armenia	2000	3042556	28400	107.1
Armenia	2010	2966802	28400	104.5
Aruba	1950	49712	193	257.6
Aruba	1960	57203	193	296.4
Aruba	1970	59039	193	305.9
Aruba	1980	59901	193	310.4
Aruba	1990	63032	193	326.6
Aruba	2000	89995	193	466.3
Aruba	2010	104589	193	541.9
Australia	1950	8267337	7617931	1.1
Australia	1960	10361273	7617931	1.4
Australia	1970	12660160	7617931	1.7
Australia	1980	14615900	7617931	1.9
Australia	1990	16956242	7617931	2.2
Australia	2000	19053186	7617931	2.5
Australia	2010	21515754	7617931	2.8
Austria	1950	6935100	82444	84.1
Austria	1960	7047437	82444	85.5
Austria	1970	7467086	82444	90.6
Austria	1980	7549433	82444	91.6
Austria	1990	7722953	82444	93.7
Austria	2000	8113413	82444	98.4
Austria	2010	8214160	82444	99.6
Azerbaijan	1950	2885332	86100	33.5
Azerbaijan	1960	3881546	86100	45.1
Azerbaijan	1970	5168973	86100	60.0
Azerbaijan	1980	6168536	86100	71.6
Azerbaijan	1990	7200463	86100	83.6
Azerbaijan	2000	7809052	86100	90.7
Azerbaijan	2010	8303512	86100	96.4
Bahamas	The	1950	70498	10070	7.0
Bahamas	The	1960	112234	10070	11.1
Bahamas	The	1970	170323	10070	16.9
Bahamas	The	1980	209944	10070	20.8
Bahamas	The	1990	257253	10070	25.5
Bahamas	The	2000	290075	10070	28.8
Bahamas	The	2010	310763	10070	30.9
Bahrain	1950	114840	665	172.7
Bahrain	1960	156648	665	235.6
Bahrain	1970	219543	665	330.1
Bahrain	1980	347568	665	522.7
Bahrain	1990	500476	665	752.6
Bahrain	2000	634137	665	953.6
Bahrain	2010	737021	665	1108.3
Bangladesh	1950	45645964	133911	340.9
Bangladesh	1960	54592652	133911	407.7
Bangladesh	1970	67331349	133911	502.8
Bangladesh	1980	87937333	133911	656.7
Bangladesh	1990	111436651	133911	832.2
Bangladesh	2000	136681493	133911	1020.7
Bangladesh	2010	158065841	133911	1180.4
Barbados	1950	210666	430	489.9
Barbados	1960	232339	430	540.3
Barbados	1970	238756	430	555.2
Barbados	1980	251966	430	586.0
Barbados	1990	262264	430	609.9
Barbados	2000	273680	430	636.5
Barbados	2010	285653	430	664.3
Belarus	1950	7722155	207600	37.2
Belarus	1960	8167918	207600	39.3
Belarus	1970	9027198	207600	43.5
Belarus	1980	9643706	207600	46.5
Belarus	1990	10200737	207600	49.1
Belarus	2000	10033697	207600	48.3
Belarus	2010	9612632	207600	46.3
Belgium	1950	8639369	30278	285.3
Belgium	1960	9118700	30278	301.2
Belgium	1970	9637800	30278	318.3
Belgium	1980	9846800	30278	325.2
Belgium	1990	9969310	30278	329.3
Belgium	2000	10263618	30278	339.0
Belgium	2010	10423493	30278	344.3
Belize	1950	65797	22800	2.9
Belize	1960	91863	22800	4.0
Belize	1970	122070	22800	5.4
Belize	1980	144416	22800	6.3
Belize	1990	190865	22800	8.4
Belize	2000	248004	22800	10.9
Belize	2010	314522	22800	13.8
Benin	1950	1672661	110619	15.1
Benin	1960	2055083	110619	18.6
Benin	1970	2619809	110619	23.7
Benin	1980	3458062	110619	31.3
Benin	1990	4705442	110619	42.5
Benin	2000	6619120	110619	59.8
Benin	2010	9056010	110619	81.9
Bermuda	1950	38869	53	733.4
Bermuda	1960	44365	53	837.1
Bermuda	1970	52600	53	992.5
Bermuda	1980	54726	53	1032.6
Bermuda	1990	57781	53	1090.2
Bermuda	2000	63061	53	1189.8
Bermuda	2010	68268	53	1288.1
Bhutan	1950	163786	47001	3.5
Bhutan	1960	212052	47001	4.5
Bhutan	1970	309265	47001	6.6
Bhutan	1980	446035	47001	9.5
Bhutan	1990	614744	47001	13.1
Bhutan	2000	605872	47001	12.9
Bhutan	2010	699847	47001	14.9
Bolivia	1950	2766028	1084389	2.6
Bolivia	1960	3434073	1084389	3.2
Bolivia	1970	4346218	1084389	4.0
Bolivia	1980	5441298	1084389	5.0
Bolivia	1990	6573900	1084389	6.1
Bolivia	2000	8195101	1084389	7.6
Bolivia	2010	9947418	1084389	9.2
Bosnia and Herzegovina	1950	2662000	51129	52.1
Bosnia and Herzegovina	1960	3240000	51129	63.4
Bosnia and Herzegovina	1970	3703000	51129	72.4
Bosnia and Herzegovina	1980	4092000	51129	80.0
Bosnia and Herzegovina	1990	4423646	51129	86.5
Bosnia and Herzegovina	2000	4035457	51129	78.9
Bosnia and Herzegovina	2010	4621598	51129	90.4
Botswana	1950	430413	585371	0.7
Botswana	1960	496695	585371	0.8
Botswana	1970	583999	585371	1.0
Botswana	1980	900476	585371	1.5
Botswana	1990	1264612	585371	2.2
Botswana	2000	1679680	585371	2.9
Botswana	2010	2029307	585371	3.5
Brazil	1950	53443075	8456511	6.3
Brazil	1960	71694810	8456511	8.5
Brazil	1970	95684297	8456511	11.3
Brazil	1980	123019627	8456511	14.5
Brazil	1990	151170059	8456511	17.9
Brazil	2000	176319621	8456511	20.9
Brazil	2010	201103330	8456511	23.8
Brunei	1950	44983	5271	8.5
Brunei	1960	83037	5271	15.8
Brunei	1970	127554	5271	24.2
Brunei	1980	185220	5271	35.1
Brunei	1990	252887	5271	48.0
Brunei	2000	325297	5271	61.7
Brunei	2010	395027	5271	74.9
Bulgaria	1950	7250500	110549	65.6
Bulgaria	1960	7867374	110549	71.2
Bulgaria	1970	8489574	110549	76.8
Bulgaria	1980	8843528	110549	80.0
Bulgaria	1990	8894028	110549	80.5
Bulgaria	2000	7818495	110549	70.7
Bulgaria	2010	7148785	110549	64.7
Burkina Faso	1950	4376162	273799	16.0
Burkina Faso	1960	4865796	273799	17.8
Burkina Faso	1970	5303777	273799	19.4
Burkina Faso	1980	6318189	273799	23.1
Burkina Faso	1990	8361039	273799	30.5
Burkina Faso	2000	11587750	273799	42.3
Burkina Faso	2010	16241811	273799	59.3
Burma	1950	19487657	657741	29.6
Burma	1960	22839044	657741	34.7
Burma	1970	27392973	657741	41.6
Burma	1980	33061428	657741	50.3
Burma	1990	39242996	657741	59.7
Burma	2000	44301206	657741	67.4
Burma	2010	48510799	657741	73.8
Burundi	1950	2362522	25649	92.1
Burundi	1960	2815405	25649	109.8
Burundi	1970	3521913	25649	137.3
Burundi	1980	4299555	25649	167.6
Burundi	1990	5505113	25649	214.6
Burundi	2000	6621126	25649	258.1
Burundi	2010	9280931	25649	361.8
Cambodia	1950	4471170	176519	25.3
Cambodia	1960	5761223	176519	32.6
Cambodia	1970	7395691	176519	41.9
Cambodia	1980	6888021	176519	39.0
Cambodia	1990	9344566	176519	52.9
Cambodia	2000	12395580	176519	70.2
Cambodia	2010	14753320	176519	83.6
Cameroon	1950	4887591	469440	10.4
Cameroon	1960	5608760	469440	11.9
Cameroon	1970	6726733	469440	14.3
Cameroon	1980	8762486	469440	18.7
Cameroon	1990	11884495	469440	25.3
Cameroon	2000	15343036	469440	32.7
Cameroon	2010	19294149	469440	41.1
Canada	1950	14011422	9093507	1.5
Canada	1960	18266765	9093507	2.0
Canada	1970	21749986	9093507	2.4
Canada	1980	24593300	9093507	2.7
Canada	1990	27790600	9093507	3.1
Canada	2000	31099561	9093507	3.4
Canada	2010	33759742	9093507	3.7
Cape Verde	1950	146403	4030	36.3
Cape Verde	1960	196768	4030	48.8
Cape Verde	1970	268867	4030	66.7
Cape Verde	1980	296042	4030	73.5
Cape Verde	1990	348617	4030	86.5
Cape Verde	2000	401553	4030	99.6
Cape Verde	2010	431822	4030	107.2
Cayman Islands	1950	6286	260	24.2
Cayman Islands	1960	7661	260	29.5
Cayman Islands	1970	10068	260	38.7
Cayman Islands	1980	17082	260	65.7
Cayman Islands	1990	26355	260	101.4
Cayman Islands	2000	38436	260	147.8
Cayman Islands	2010	50209	260	193.1
Central African Republic	1950	1259816	622980	2.0
Central African Republic	1960	1467449	622980	2.4
Central African Republic	1970	1839245	622980	3.0
Central African Republic	1980	2348575	622980	3.8
Central African Republic	1990	3085222	622980	5.0
Central African Republic	2000	3940259	622980	6.3
Central African Republic	2010	4578768	622980	7.3
Chad	1950	2607769	1259201	2.1
Chad	1960	3042303	1259201	2.4
Chad	1970	3727238	1259201	3.0
Chad	1980	4522391	1259201	3.6
Chad	1990	5841411	1259201	4.6
Chad	2000	7942675	1259201	6.3
Chad	2010	10543464	1259201	8.4
Chile	1950	6090833	748800	8.1
Chile	1960	7585349	748800	10.1
Chile	1970	9368558	748800	12.5
Chile	1980	11093718	748800	14.8
Chile	1990	13128921	748800	17.5
Chile	2000	15155741	748800	20.2
Chile	2010	16746491	748800	22.4
China	1950	562579779	9326411	60.3
China	1960	650660513	9326411	69.8
China	1970	820403282	9326411	88.0
China	1980	984736460	9326411	105.6
China	1990	1148364470	9326411	123.1
China	2000	1268853362	9326411	136.0
China	2010	1347563498	9326411	144.5
Colombia	1950	11591658	1038699	11.2
Colombia	1960	15952727	1038699	15.4
Colombia	1970	21429658	1038699	20.6
Colombia	1980	26631315	1038699	25.6
Colombia	1990	32956508	1038699	31.7
Colombia	2000	39817335	1038699	38.3
Colombia	2010	46270565	1038699	44.5
Comoros	1950	148057	2170	68.2
Comoros	1960	182899	2170	84.3
Comoros	1970	236252	2170	108.9
Comoros	1980	333514	2170	153.7
Comoros	1990	429136	2170	197.8
Comoros	2000	578626	2170	266.6
Comoros	2010	773407	2170	356.4
Congo (Brazzaville)	1950	826308	341499	2.4
Congo (Brazzaville)	1960	1002214	341499	2.9
Congo (Brazzaville)	1970	1272408	341499	3.7
Congo (Brazzaville)	1980	1674288	341499	4.9
Congo (Brazzaville)	1990	2266001	341499	6.6
Congo (Brazzaville)	2000	3103941	341499	9.1
Congo (Brazzaville)	2010	4125916	341499	12.1
Congo (Kinshasa)	1950	13568762	2267599	6.0
Congo (Kinshasa)	1960	16610482	2267599	7.3
Congo (Kinshasa)	1970	21780955	2267599	9.6
Congo (Kinshasa)	1980	29012545	2267599	12.8
Congo (Kinshasa)	1990	39047458	2267599	17.2
Congo (Kinshasa)	2000	51848551	2267599	22.9
Congo (Kinshasa)	2010	70916439	2267599	31.3
Cook Islands	1950	14575	241	60.5
Cook Islands	1960	17883	241	74.2
Cook Islands	1970	20828	241	86.4
Cook Islands	1980	18010	241	74.7
Cook Islands	1990	18394	241	76.3
Cook Islands	2000	16307	241	67.7
Cook Islands	2010	11488	241	47.7
Costa Rica	1950	866982	50660	17.1
Costa Rica	1960	1248022	50660	24.6
Costa Rica	1970	1735523	50660	34.3
Costa Rica	1980	2299124	50660	45.4
Costa Rica	1990	3027135	50660	59.8
Costa Rica	2000	3711095	50660	73.3
Costa Rica	2010	4311254	50660	85.1
Cote d'Ivoire	1950	2860288	318000	9.0
Cote d'Ivoire	1960	3576077	318000	11.2
Cote d'Ivoire	1970	5579014	318000	17.5
Cote d'Ivoire	1980	8593262	318000	27.0
Cote d'Ivoire	1990	12490877	318000	39.3
Cote d'Ivoire	2000	16884578	318000	53.1
Cote d'Ivoire	2010	21058798	318000	66.2
Croatia	1950	3837297	56414	68.0
Croatia	1960	4036145	56414	71.5
Croatia	1970	4205389	56414	74.5
Croatia	1980	4383000	56414	77.7
Croatia	1990	4508347	56414	79.9
Croatia	2000	4410830	56414	78.2
Croatia	2010	4486881	56414	79.5
Cuba	1950	5784797	110860	52.2
Cuba	1960	7027210	110860	63.4
Cuba	1970	8542746	110860	77.1
Cuba	1980	9652975	110860	87.1
Cuba	1990	10513444	110860	94.8
Cuba	2000	11105859	110860	100.2
Cuba	2010	11477459	110860	103.5
Cyprus	1950	494000	9241	53.5
Cyprus	1960	573000	9241	62.0
Cyprus	1970	614600	9241	66.5
Cyprus	1980	611000	9241	66.1
Cyprus	1990	681349	9241	73.7
Cyprus	2000	758363	9241	82.1
Cyprus	2010	800863	9241	86.7
Czech Republic	1950	8925122	77276	115.5
Czech Republic	1960	9659818	77276	125.0
Czech Republic	1970	9795226	77276	126.8
Czech Republic	1980	10288726	77276	133.1
Czech Republic	1990	10309514	77276	133.4
Czech Republic	2000	10270128	77276	132.9
Czech Republic	2010	10201707	77276	132.0
Denmark	1950	4271000	42394	100.7
Denmark	1960	4581000	42394	108.1
Denmark	1970	4928757	42394	116.3
Denmark	1980	5123027	42394	120.8
Denmark	1990	5140954	42394	121.3
Denmark	2000	5337416	42394	125.9
Denmark	2010	5515575	42394	130.1
Djibouti	1950	60036	21979	2.7
Djibouti	1960	78417	21979	3.6
Djibouti	1970	158034	21979	7.2
Djibouti	1980	279149	21979	12.7
Djibouti	1990	366088	21979	16.7
Djibouti	2000	430822	21979	19.6
Djibouti	2010	525856	21979	23.9
Dominica	1950	51423	751	68.5
Dominica	1960	59838	751	79.7
Dominica	1970	69785	751	92.9
Dominica	1980	73887	751	98.4
Dominica	1990	70009	751	93.2
Dominica	2000	70818	751	94.3
Dominica	2010	72813	751	97.0
Dominican Republic	1950	2352968	48381	48.6
Dominican Republic	1960	3231488	48381	66.8
Dominican Republic	1970	4422755	48381	91.4
Dominican Republic	1980	5696855	48381	117.7
Dominican Republic	1990	7082806	48381	146.4
Dominican Republic	2000	8410393	48381	173.8
Dominican Republic	2010	9794487	48381	202.4
Ecuador	1950	3369955	276840	12.2
Ecuador	1960	4415956	276840	16.0
Ecuador	1970	5939246	276840	21.5
Ecuador	1980	7920499	276840	28.6
Ecuador	1990	10318036	276840	37.3
Ecuador	2000	12445838	276840	45.0
Ecuador	2010	14790608	276840	53.4
Egypt	1950	21197691	995451	21.3
Egypt	1960	26846610	995451	27.0
Egypt	1970	33574026	995451	33.7
Egypt	1980	42634215	995451	42.8
Egypt	1990	56683220	995451	56.9
Egypt	2000	70512306	995451	70.8
Egypt	2010	84440272	995451	84.8
El Salvador	1950	1939800	20720	93.6
El Salvador	1960	2581583	20720	124.6
El Salvador	1970	3603907	20720	173.9
El Salvador	1980	4566199	20720	220.4
El Salvador	1990	5099884	20720	246.1
El Salvador	2000	6125782	20720	295.6
El Salvador	2010	7304333	20720	352.5
Equatorial Guinea	1950	211204	28050	7.5
Equatorial Guinea	1960	243867	28050	8.7
Equatorial Guinea	1970	270435	28050	9.6
Equatorial Guinea	1980	256009	28050	9.1
Equatorial Guinea	1990	371100	28050	13.2
Equatorial Guinea	2000	491483	28050	17.5
Equatorial Guinea	2010	650702	28050	23.2
Eritrea	1950	1402510	121320	11.6
Eritrea	1960	1614698	121320	13.3
Eritrea	1970	2160460	121320	17.8
Eritrea	1980	2568741	121320	21.2
Eritrea	1990	3137919	121320	25.9
Eritrea	2000	4197310	121320	34.6
Eritrea	2010	5792984	121320	47.7
Estonia	1950	1095610	43211	25.4
Estonia	1960	1210647	43211	28.0
Estonia	1970	1363183	43211	31.5
Estonia	1980	1482196	43211	34.3
Estonia	1990	1569322	43211	36.3
Estonia	2000	1379835	43211	31.9
Estonia	2010	1291170	43211	29.9
Ethiopia	1950	20174562	1119683	18.0
Ethiopia	1960	24168672	1119683	21.6
Ethiopia	1970	29468504	1119683	26.3
Ethiopia	1980	36036457	1119683	32.2
Ethiopia	1990	48397408	1119683	43.2
Ethiopia	2000	64164965	1119683	57.3
Ethiopia	2010	88013491	1119683	78.6
Faroe Islands	1950	31500	1401	22.5
Faroe Islands	1960	34700	1401	24.8
Faroe Islands	1970	38600	1401	27.6
Faroe Islands	1980	43453	1401	31.0
Faroe Islands	1990	47439	1401	33.9
Faroe Islands	2000	45794	1401	32.7
Faroe Islands	2010	49057	1401	35.0
Fiji	1950	287348	18270	15.7
Fiji	1960	393348	18270	21.5
Fiji	1970	521000	18270	28.5
Fiji	1980	634506	18270	34.7
Fiji	1990	738416	18270	40.4
Fiji	2000	832777	18270	45.6
Fiji	2010	957780	18270	52.4
Finland	1950	4008900	304473	13.2
Finland	1960	4429600	304473	14.5
Finland	1970	4606307	304473	15.1
Finland	1980	4779535	304473	15.7
Finland	1990	4986431	304473	16.4
Finland	2000	5168595	304473	17.0
Finland	2010	5255068	304473	17.3
France	1950	42517690	640053	66.4
France	1960	46583995	640053	72.8
France	1970	51918389	640053	81.1
France	1980	55110236	640053	86.1
France	1990	58168160	640053	90.9
France	2000	61136524	640053	95.5
France	2010	64768389	640053	101.2
French Polynesia	1950	62100	3660	17.0
French Polynesia	1960	81100	3660	22.2
French Polynesia	1970	114000	3660	31.1
French Polynesia	1980	150896	3660	41.2
French Polynesia	1990	201822	3660	55.1
French Polynesia	2000	249177	3660	68.1
French Polynesia	2010	291000	3660	79.5
Gabon	1950	415767	257669	1.6
Gabon	1960	446003	257669	1.7
Gabon	1970	514579	257669	2.0
Gabon	1980	713827	257669	2.8
Gabon	1990	938084	257669	3.6
Gabon	2000	1236429	257669	4.8
Gabon	2010	1545255	257669	6.0
Gambia	The	1950	271369	10000	27.1
Gambia	The	1960	351953	10000	35.2
Gambia	The	1970	484580	10000	48.5
Gambia	The	1980	670523	10000	67.1
Gambia	The	1990	949255	10000	94.9
Gambia	The	2000	1367884	10000	136.8
Gambia	The	2010	1830591	10000	183.1
Gaza Strip	1950	245375	360	681.6
Gaza Strip	1960	308158	360	856.0
Gaza Strip	1970	342656	360	951.8
Gaza Strip	1980	455734	360	1265.9
Gaza Strip	1990	645840	360	1794.0
Gaza Strip	2000	1130438	360	3140.1
Gaza Strip	2010	1604238	360	4456.2
Georgia	1950	3515602	69700	50.4
Georgia	1960	4146570	69700	59.5
Georgia	1970	4694491	69700	67.4
Georgia	1980	5045697	69700	72.4
Georgia	1990	5426207	69700	77.9
Georgia	2000	4777209	69700	68.5
Georgia	2010	4600825	69700	66.0
Germany	1950	68374572	349223	195.8
Germany	1960	72480869	349223	207.5
Germany	1970	77783164	349223	222.7
Germany	1980	78297904	349223	224.2
Germany	1990	79380394	349223	227.3
Germany	2000	82187909	349223	235.3
Germany	2010	82282988	349223	235.6
Ghana	1950	5297454	230940	22.9
Ghana	1960	6958283	230940	30.1
Ghana	1970	8788945	230940	38.1
Ghana	1980	11016641	230940	47.7
Ghana	1990	15413800	230940	66.7
Ghana	2000	19736036	230940	85.5
Ghana	2010	24279458	230940	105.1
Gibraltar	1950	22974	6	3829.0
Gibraltar	1960	24342	6	4057.0
Gibraltar	1970	26485	6	4414.2
Gibraltar	1980	29233	6	4872.2
Gibraltar	1990	29017	6	4836.2
Gibraltar	2000	27578	6	4596.3
Gibraltar	2010	28063	6	4677.2
Greece	1950	7566028	130800	57.8
Greece	1960	8327405	130800	63.7
Greece	1970	8792806	130800	67.2
Greece	1980	9642505	130800	73.7
Greece	1990	10129603	130800	77.4
Greece	2000	10559110	130800	80.7
Greece	2010	10749943	130800	82.2
Greenland	1950	22300	341701	0.1
Greenland	1960	32498	341701	0.1
Greenland	1970	46431	341701	0.1
Greenland	1980	50208	341701	0.1
Greenland	1990	55628	341701	0.2
Greenland	2000	56890	341701	0.2
Greenland	2010	57637	341701	0.2
Grenada	1950	75806	344	220.4
Grenada	1960	90148	344	262.1
Grenada	1970	95410	344	277.4
Grenada	1980	90164	344	262.1
Grenada	1990	92358	344	268.5
Grenada	2000	89318	344	259.6
Grenada	2010	91191	344	265.1
Guam	1950	59900	541	110.7
Guam	1960	66900	541	123.7
Guam	1970	86470	541	159.8
Guam	1980	106869	541	197.5
Guam	1990	134125	541	247.9
Guam	2000	155324	541	287.1
Guam	2010	180865	541	334.3
Guatemala	1950	2968976	108430	27.4
Guatemala	1960	4099720	108430	37.8
Guatemala	1970	5264207	108430	48.5
Guatemala	1980	6649593	108430	61.3
Guatemala	1990	8965553	108430	82.7
Guatemala	2000	11085025	108430	102.2
Guatemala	2010	13550440	108430	125.0
Guernsey	1950	45347	78	581.4
Guernsey	1960	46926	78	601.6
Guernsey	1970	53287	78	683.2
Guernsey	1980	53360	78	684.1
Guernsey	1990	62623	78	802.9
Guernsey	2000	64080	78	821.5
Guernsey	2010	66006	78	846.2
Guinea	1950	2585509	245861	10.5
Guinea	1960	3026091	245861	12.3
Guinea	1970	3643361	245861	14.8
Guinea	1980	4447369	245861	18.1
Guinea	1990	6118452	245861	24.9
Guinea	2000	8350413	245861	34.0
Guinea	2010	10324025	245861	42.0
Guinea-Bissau	1950	573268	28000	20.5
Guinea-Bissau	1960	616682	28000	22.0
Guinea-Bissau	1970	620020	28000	22.1
Guinea-Bissau	1980	788898	28000	28.2
Guinea-Bissau	1990	995989	28000	35.6
Guinea-Bissau	2000	1278859	28000	45.7
Guinea-Bissau	2010	1565126	28000	55.9
Guyana	1950	427971	196850	2.2
Guyana	1960	571083	196850	2.9
Guyana	1970	714811	196850	3.6
Guyana	1980	759352	196850	3.9
Guyana	1990	750903	196850	3.8
Guyana	2000	755171	196850	3.8
Guyana	2010	773550	196850	3.9
Haiti	1950	3097220	27560	112.4
Haiti	1960	3696645	27560	134.1
Haiti	1970	4540576	27560	164.8
Haiti	1980	5200069	27560	188.7
Haiti	1990	6288514	27560	228.2
Haiti	2000	7639056	27560	277.2
Haiti	2010	9203083	27560	333.9
Honduras	1950	1431447	111891	12.8
Honduras	1960	1951640	111891	17.4
Honduras	1970	2760666	111891	24.7
Honduras	1980	3401940	111891	30.4
Honduras	1990	4792271	111891	42.8
Honduras	2000	6347658	111891	56.7
Honduras	2010	7944012	111891	71.0
Hong Kong	1950	2237000	1042	2146.8
Hong Kong	1960	3075300	1042	2951.3
Hong Kong	1970	3959000	1042	3799.4
Hong Kong	1980	5063100	1042	4859.0
Hong Kong	1990	5687959	1042	5458.7
Hong Kong	2000	6658720	1042	6390.3
Hong Kong	2010	7089705	1042	6803.9
Hungary	1950	9338000	92341	101.1
Hungary	1960	9983512	92341	108.1
Hungary	1970	10337004	92341	111.9
Hungary	1980	10711122	92341	116.0
Hungary	1990	10371878	92341	112.3
Hungary	2000	10137449	92341	109.8
Hungary	2010	9880059	92341	107.0
Iceland	1950	142938	100251	1.4
Iceland	1960	175860	100251	1.8
Iceland	1970	204104	100251	2.0
Iceland	1980	228161	100251	2.3
Iceland	1990	254719	100251	2.5
Iceland	2000	281043	100251	2.8
Iceland	2010	308910	100251	3.1
India	1950	369880000	2973190	124.4
India	1960	445393249	2973190	149.8
India	1970	553888763	2973190	186.3
India	1980	684887703	2973190	230.4
India	1990	838158831	2973190	281.9
India	2000	1004124224	2973190	337.7
India	2010	1184090490	2973190	398.3
Indonesia	1950	82978392	1826440	45.4
Indonesia	1960	100145649	1826440	54.8
Indonesia	1970	122291795	1826440	67.0
Indonesia	1980	150467240	1826440	82.4
Indonesia	1990	181770189	1826440	99.5
Indonesia	2000	213829469	1826440	117.1
Indonesia	2010	242968342	1826440	133.0
Iran	1950	16357000	1635999	10.0
Iran	1960	21547591	1635999	13.2
Iran	1970	28854184	1635999	17.6
Iran	1980	39421764	1635999	24.1
Iran	1990	56668726	1635999	34.6
Iran	2000	63273255	1635999	38.7
Iran	2010	67037517	1635999	41.0
Iraq	1950	5163443	432162	11.9
Iraq	1960	6822030	432162	15.8
Iraq	1970	9413671	432162	21.8
Iraq	1980	13232839	432162	30.6
Iraq	1990	18134702	432162	42.0
Iraq	2000	22675617	432162	52.5
Iraq	2010	29672191	432162	68.7
Ireland	1950	2963018	68889	43.0
Ireland	1960	2832000	68889	41.1
Ireland	1970	2950100	68889	42.8
Ireland	1980	3401000	68889	49.4
Ireland	1990	3508200	68889	50.9
Ireland	2000	3791690	68889	55.0
Ireland	2010	4250163	68889	61.7
Isle of Man	1950	54759	572	95.7
Isle of Man	1960	47689	572	83.4
Isle of Man	1970	52563	572	91.9
Isle of Man	1980	64019	572	111.9
Isle of Man	1990	68766	572	120.2
Isle of Man	2000	72911	572	127.5
Isle of Man	2010	76913	572	134.5
Israel	1950	1286131	20329	63.3
Israel	1960	2141495	20329	105.3
Israel	1970	2903434	20329	142.8
Israel	1980	3737473	20329	183.8
Israel	1990	4477808	20329	220.3
Israel	2000	6114570	20329	300.8
Israel	2010	7353985	20329	361.7
Italy	1950	47105000	294019	160.2
Italy	1960	50197600	294019	170.7
Italy	1970	53661100	294019	182.5
Italy	1980	56451247	294019	192.0
Italy	1990	56742886	294019	193.0
Italy	2000	57719337	294019	196.3
Italy	2010	58090681	294019	197.6
Jamaica	1950	1384550	10829	127.9
Jamaica	1960	1631784	10829	150.7
Jamaica	1970	1943787	10829	179.5
Jamaica	1980	2228803	10829	205.8
Jamaica	1990	2347015	10829	216.7
Jamaica	2000	2615632	10829	241.5
Jamaica	2010	2847232	10829	262.9
Japan	1950	83805000	374744	223.6
Japan	1960	94091638	374744	251.1
Japan	1970	104344973	374744	278.4
Japan	1980	116807309	374744	311.7
Japan	1990	123537399	374744	329.7
Japan	2000	126729223	374744	338.2
Japan	2010	126804433	374744	338.4
Jersey	1950	56824	117	485.7
Jersey	1960	62965	117	538.2
Jersey	1970	69002	117	589.8
Jersey	1980	75531	117	645.6
Jersey	1990	83609	117	714.6
Jersey	2000	88814	117	759.1
Jersey	2010	91812	117	784.7
Jordan	1950	561254	91971	6.1
Jordan	1960	848515	91971	9.2
Jordan	1970	1502959	91971	16.3
Jordan	1980	2162807	91971	23.5
Jordan	1990	3262054	91971	35.5
Jordan	2000	4998564	91971	54.3
Jordan	2010	6485763	91971	70.5
Kazakhstan	1950	6693230	2669800	2.5
Kazakhstan	1960	9982014	2669800	3.7
Kazakhstan	1970	13106377	2669800	4.9
Kazakhstan	1980	14966718	2669800	5.6
Kazakhstan	1990	16398131	2669800	6.1
Kazakhstan	2000	15032140	2669800	5.6
Kazakhstan	2010	15460484	2669800	5.8
Kenya	1950	6121184	569251	10.8
Kenya	1960	8156827	569251	14.3
Kenya	1970	11247182	569251	19.8
Kenya	1980	16330543	569251	28.7
Kenya	1990	23354478	569251	41.0
Kenya	2000	30507979	569251	53.6
Kenya	2010	40046566	569251	70.3
Kiribati	1950	33448	811	41.2
Kiribati	1960	40732	811	50.2
Kiribati	1970	48899	811	60.3
Kiribati	1980	57536	811	70.9
Kiribati	1990	71354	811	88.0
Kiribati	2000	92033	811	113.5
Kiribati	2010	115401	811	142.3
Kosovo	1950	761000	10887	69.9
Kosovo	1960	946835	10887	87.0
Kosovo	1970	1219214	10887	112.0
Kosovo	1980	1521405	10887	139.7
Kosovo	1990	1861687	10887	171.0
Kosovo	2000	1700132	10887	156.2
Kosovo	2010	1815048	10887	166.7
Kuwait	1950	144774	17819	8.1
Kuwait	1960	292229	17819	16.4
Kuwait	1970	747502	17819	41.9
Kuwait	1980	1369769	17819	76.9
Kuwait	1990	2142011	17819	120.2
Kuwait	2000	1973572	17819	110.8
Kuwait	2010	2787656	17819	156.4
Kyrgyzstan	1950	1738961	191300	9.1
Kyrgyzstan	1960	2171285	191300	11.4
Kyrgyzstan	1970	2963792	191300	15.5
Kyrgyzstan	1980	3622728	191300	18.9
Kyrgyzstan	1990	4382486	191300	22.9
Kyrgyzstan	2000	4851054	191300	25.4
Kyrgyzstan	2010	5508626	191300	28.8
Laos	1950	1885984	230800	8.2
Laos	1960	2309365	230800	10.0
Laos	1970	2844851	230800	12.3
Laos	1980	3293159	230800	14.3
Laos	1990	4210452	230800	18.2
Laos	2000	5497733	230800	23.8
Laos	2010	6994112	230800	30.3
Latvia	1950	1936498	63589	30.5
Latvia	1960	2115183	63589	33.3
Latvia	1970	2361159	63589	37.1
Latvia	1980	2524543	63589	39.7
Latvia	1990	2663590	63589	41.9
Latvia	2000	2376178	63589	37.4
Latvia	2010	2217969	63589	34.9
Lebanon	1950	1364030	10230	133.3
Lebanon	1960	1786235	10230	174.6
Lebanon	1970	2383029	10230	232.9
Lebanon	1980	3087467	10230	301.8
Lebanon	1990	3149674	10230	307.9
Lebanon	2000	3580728	10230	350.0
Lebanon	2010	4060766	10230	396.9
Lesotho	1950	726182	30350	23.9
Lesotho	1960	858551	30350	28.3
Lesotho	1970	1067136	30350	35.2
Lesotho	1980	1344719	30350	44.3
Lesotho	1990	1721260	30350	56.7
Lesotho	2000	2067669	30350	68.1
Lesotho	2010	2133145	30350	70.3
Liberia	1950	823885	96320	8.6
Liberia	1960	1054837	96320	11.0
Liberia	1970	1396565	96320	14.5
Liberia	1980	1848799	96320	19.2
Liberia	1990	2117239	96320	22.0
Liberia	2000	2694875	96320	28.0
Liberia	2010	3533896	96320	36.7
Libya	1950	961305	1759540	0.5
Libya	1960	1337947	1759540	0.8
Libya	1970	1999162	1759540	1.1
Libya	1980	3065365	1759540	1.7
Libya	1990	4139825	1759540	2.4
Libya	2000	5115450	1759540	2.9
Libya	2010	6447047	1759540	3.7
Liechtenstein	1950	13500	161	83.9
Liechtenstein	1960	16426	161	102.0
Liechtenstein	1970	21103	161	131.1
Liechtenstein	1980	25074	161	155.7
Liechtenstein	1990	28796	161	178.9
Liechtenstein	2000	32207	161	200.0
Liechtenstein	2010	35002	161	217.4
Lithuania	1950	2553159	65200	39.2
Lithuania	1960	2764864	65200	42.4
Lithuania	1970	3137562	65200	48.1
Lithuania	1980	3435289	65200	52.7
Lithuania	1990	3694836	65200	56.7
Lithuania	2000	3654387	65200	56.0
Lithuania	2010	3545319	65200	54.4
Luxembourg	1950	295587	2585	114.3
Luxembourg	1960	313969	2585	121.5
Luxembourg	1970	339174	2585	131.2
Luxembourg	1980	364400	2585	141.0
Luxembourg	1990	382966	2585	148.1
Luxembourg	2000	438777	2585	169.7
Luxembourg	2010	497538	2585	192.5
Macau	1950	205442	28	7337.2
Macau	1960	186053	28	6644.8
Macau	1970	261369	28	9334.6
Macau	1980	255773	28	9134.8
Macau	1990	351756	28	12562.7
Macau	2000	431739	28	15419.2
Macau	2010	567957	28	20284.2
Macedonia	1950	1224627	24856	49.3
Macedonia	1960	1366198	24856	55.0
Macedonia	1970	1574407	24856	63.3
Macedonia	1980	1792000	24856	72.1
Macedonia	1990	1861361	24856	74.9
Macedonia	2000	2014512	24856	81.0
Macedonia	2010	2072086	24856	83.4
Madagascar	1950	4620437	581540	7.9
Madagascar	1960	5481721	581540	9.4
Madagascar	1970	6765644	581540	11.6
Madagascar	1980	8691245	581540	14.9
Madagascar	1990	11632868	581540	20.0
Madagascar	2000	15741942	581540	27.1
Madagascar	2010	21281844	581540	36.6
Malawi	1950	2816600	94079	29.9
Malawi	1960	3450444	94079	36.7
Malawi	1970	4508062	94079	47.9
Malawi	1980	6258512	94079	66.5
Malawi	1990	9536250	94079	101.4
Malawi	2000	11559538	94079	122.9
Malawi	2010	14612928	94079	155.3
Malaysia	1950	6433799	328549	19.6
Malaysia	1960	8428493	328549	25.7
Malaysia	1970	10910216	328549	33.2
Malaysia	1980	13764352	328549	41.9
Malaysia	1990	17507289	328549	53.3
Malaysia	2000	21803909	328549	66.4
Malaysia	2010	26160256	328549	79.6
Maldives	1950	79293	300	264.3
Maldives	1960	92247	300	307.5
Maldives	1970	114572	300	381.9
Maldives	1980	152870	300	509.6
Maldives	1990	216606	300	722.0
Maldives	2000	299981	300	999.9
Maldives	2010	395650	300	1318.8
Mali	1950	3687654	1219999	3.0
Mali	1960	4494738	1219999	3.7
Mali	1970	5546065	1219999	4.5
Mali	1980	6758153	1219999	5.5
Mali	1990	8084632	1219999	6.6
Mali	2000	10048561	1219999	8.2
Mali	2010	13024680	1219999	10.7
Malta	1950	311973	316	987.3
Malta	1960	328517	316	1039.6
Malta	1970	325569	316	1030.3
Malta	1980	364001	316	1151.9
Malta	1990	359107	316	1136.4
Malta	2000	389947	316	1234.0
Malta	2010	406771	316	1287.2
Marshall Islands	1950	10904	181	60.2
Marshall Islands	1960	15120	181	83.5
Marshall Islands	1970	21714	181	120.0
Marshall Islands	1980	30681	181	169.5
Marshall Islands	1990	45828	181	253.2
Marshall Islands	2000	53072	181	293.2
Marshall Islands	2010	65859	181	363.9
Mauritania	1950	1005595	1030400	1.0
Mauritania	1960	1117376	1030400	1.1
Mauritania	1970	1289420	1030400	1.3
Mauritania	1980	1544909	1030400	1.5
Mauritania	1990	1924978	1030400	1.9
Mauritania	2000	2500867	1030400	2.4
Mauritania	2010	3205060	1030400	3.1
Mauritius	1950	481270	2030	237.1
Mauritius	1960	663229	2030	326.7
Mauritius	1970	829511	2030	408.6
Mauritius	1980	963701	2030	474.7
Mauritius	1990	1061598	2030	523.0
Mauritius	2000	1185932	2030	584.2
Mauritius	2010	1294104	2030	637.5
Mayotte	1950	21597	376	57.4
Mayotte	1960	27579	376	73.3
Mayotte	1970	36502	376	97.1
Mayotte	1980	51995	376	138.3
Mayotte	1990	89659	376	238.5
Mayotte	2000	155909	376	414.7
Mayotte	2010	231139	376	614.7
Mexico	1950	28485180	1923039	14.8
Mexico	1960	38578505	1923039	20.1
Mexico	1970	52775158	1923039	27.4
Mexico	1980	68347479	1923039	35.5
Mexico	1990	84913652	1923039	44.2
Mexico	2000	99926620	1923039	52.0
Mexico	2010	112468855	1923039	58.5
Micronesia	Federated States of	1950	30715	702	43.8
Micronesia	Federated States of	1960	41777	702	59.5
Micronesia	Federated States of	1970	56822	702	80.9
Micronesia	Federated States of	1980	77080	702	109.8
Micronesia	Federated States of	1990	108600	702	154.7
Micronesia	Federated States of	2000	107724	702	153.5
Micronesia	Federated States of	2010	107154	702	152.6
Moldova	1950	2336432	33700	69.3
Moldova	1960	2998981	33700	89.0
Moldova	1970	3594517	33700	106.7
Moldova	1980	3996278	33700	118.6
Moldova	1990	4394229	33700	130.4
Moldova	2000	4390812	33700	130.3
Moldova	2010	4317483	33700	128.1
Monaco	1950	18125	2	9062.5
Monaco	1960	20757	2	10378.5
Monaco	1970	23752	2	11876.0
Monaco	1980	26551	2	13275.5
Monaco	1990	29972	2	14986.0
Monaco	2000	31719	2	15859.5
Monaco	2010	33095	2	16547.5
Mongolia	1950	778555	1564116	0.5
Mongolia	1960	954652	1564116	0.6
Mongolia	1970	1247600	1564116	0.8
Mongolia	1980	1662380	1564116	1.1
Mongolia	1990	2217539	1564116	1.4
Mongolia	2000	2663757	1564116	1.7
Mongolia	2010	3086918	1564116	2.0
Montenegro	1950	395587	13812	28.6
Montenegro	1960	461487	13812	33.4
Montenegro	1970	514472	13812	37.2
Montenegro	1980	560000	13812	40.5
Montenegro	1990	583202	13812	42.2
Montenegro	2000	732302	13812	53.0
Montenegro	2010	666730	13812	48.3
Montserrat	1950	13480	100	134.8
Montserrat	1960	12145	100	121.5
Montserrat	1970	11591	100	115.9
Montserrat	1980	11770	100	117.7
Montserrat	1990	10728	100	107.3
Montserrat	2000	3942	100	39.4
Montserrat	2010	5118	100	51.2
Morocco	1950	9343384	446301	20.9
Morocco	1960	12423434	446301	27.8
Morocco	1970	15909275	446301	35.6
Morocco	1980	19487272	446301	43.7
Morocco	1990	24734809	446301	55.4
Morocco	2000	30184084	446301	67.6
Morocco	2010	35373364	446301	79.3
Mozambique	1950	6250443	784089	8.0
Mozambique	1960	7472230	784089	9.5
Mozambique	1970	9304375	784089	11.9
Mozambique	1980	12102619	784089	15.4
Mozambique	1990	12666573	784089	16.2
Mozambique	2000	18124564	784089	23.1
Mozambique	2010	22061451	784089	28.1
Namibia	1950	463729	825418	0.6
Namibia	1960	590731	825418	0.7
Namibia	1970	764683	825418	0.9
Namibia	1980	1058021	825418	1.3
Namibia	1990	1470569	825418	1.8
Namibia	2000	1893442	825418	2.3
Namibia	2010	2128471	825418	2.6
Nauru	1950	3432	21	163.4
Nauru	1960	4475	21	213.1
Nauru	1970	6700	21	319.0
Nauru	1980	7710	21	367.1
Nauru	1990	9488	21	451.8
Nauru	2000	11845	21	564.0
Nauru	2010	14264	21	679.2
Nepal	1950	8989915	143181	62.8
Nepal	1960	10034723	143181	70.1
Nepal	1970	11918678	143181	83.2
Nepal	1980	14665245	143181	102.4
Nepal	1990	18918256	143181	132.1
Nepal	2000	24818162	143181	173.3
Nepal	2010	28951852	143181	202.2
Netherlands	1950	10113527	33883	298.5
Netherlands	1960	11486000	33883	339.0
Netherlands	1970	13032335	33883	384.6
Netherlands	1980	14143901	33883	417.4
Netherlands	1990	14951510	33883	441.3
Netherlands	2000	15907853	33883	469.5
Netherlands	2010	16783092	33883	495.3
Netherlands Antilles	1950	109641	961	114.1
Netherlands Antilles	1960	136282	961	141.8
Netherlands Antilles	1970	158355	961	164.8
Netherlands Antilles	1980	172534	961	179.5
Netherlands Antilles	1990	188787	961	196.4
Netherlands Antilles	2000	210181	961	218.7
Netherlands Antilles	2010	228693	961	238.0
New Caledonia	1950	55069	18575	3.0
New Caledonia	1960	78804	18575	4.2
New Caledonia	1970	112000	18575	6.0
New Caledonia	1980	139400	18575	7.5
New Caledonia	1990	168357	18575	9.1
New Caledonia	2000	201881	18575	10.9
New Caledonia	2010	229993	18575	12.4
New Zealand	1950	1908310	268021	7.1
New Zealand	1960	2371746	268021	8.8
New Zealand	1970	2828050	268021	10.6
New Zealand	1980	3170150	268021	11.8
New Zealand	1990	3413677	268021	12.7
New Zealand	2000	3802400	268021	14.2
New Zealand	2010	4252277	268021	15.9
Nicaragua	1950	1097916	120254	9.1
Nicaragua	1960	1492698	120254	12.4
Nicaragua	1970	2052544	120254	17.1
Nicaragua	1980	2805646	120254	23.3
Nicaragua	1990	3685127	120254	30.6
Nicaragua	2000	4935148	120254	41.0
Nicaragua	2010	5995928	120254	49.9
Niger	1950	3271073	1266699	2.6
Niger	1960	3912663	1266699	3.1
Niger	1970	4840501	1266699	3.8
Niger	1980	6093469	1266699	4.8
Niger	1990	7841730	1266699	6.2
Niger	2000	10951428	1266699	8.6
Niger	2010	15878271	1266699	12.5
Nigeria	1950	31796939	910771	34.9
Nigeria	1960	41547479	910771	45.6
Nigeria	1970	55585637	910771	61.0
Nigeria	1980	74821273	910771	82.2
Nigeria	1990	96603759	910771	106.1
Nigeria	2000	123178818	910771	135.2
Nigeria	2010	152217341	910771	167.1
Korea	North	1950	9471140	120409	78.7
Korea	North	1960	10391909	120409	86.3
Korea	North	1970	13911902	120409	115.5
Korea	North	1980	17113626	120409	142.1
Korea	North	1990	20018546	120409	166.3
Korea	North	2000	21263450	120409	176.6
Korea	North	2010	22757275	120409	189.0
Northern Mariana Islands	1950	6286	477	13.2
Northern Mariana Islands	1960	8861	477	18.6
Northern Mariana Islands	1970	12359	477	25.9
Northern Mariana Islands	1980	16890	477	35.4
Northern Mariana Islands	1990	44037	477	92.3
Northern Mariana Islands	2000	69706	477	146.1
Northern Mariana Islands	2010	90677	477	190.1
Norway	1950	3265126	307860	10.6
Norway	1960	3581239	307860	11.6
Norway	1970	3877386	307860	12.6
Norway	1980	4085620	307860	13.3
Norway	1990	4242006	307860	13.8
Norway	2000	4492400	307860	14.6
Norway	2010	4676305	307860	15.2
Oman	1950	488588	212460	2.3
Oman	1960	599292	212460	2.8
Oman	1970	778536	212460	3.7
Oman	1980	1174857	212460	5.5
Oman	1990	1772974	212460	8.3
Oman	2000	2534434	212460	11.9
Oman	2010	3525875	212460	16.6
Pakistan	1950	39448232	778720	50.7
Pakistan	1960	50386898	778720	64.7
Pakistan	1970	65705964	778720	84.4
Pakistan	1980	85219117	778720	109.4
Pakistan	1990	114606690	778720	147.2
Pakistan	2000	146404914	778720	188.0
Pakistan	2010	179659223	778720	230.7
Palau	1950	7251	458	15.8
Palau	1960	9482	458	20.7
Palau	1970	12005	458	26.2
Palau	1980	13311	458	29.1
Palau	1990	15207	458	33.2
Palau	2000	19492	458	42.6
Palau	2010	20879	458	45.6
Panama	1950	892502	75991	11.7
Panama	1960	1147610	75991	15.1
Panama	1970	1531038	75991	20.1
Panama	1980	1959566	75991	25.8
Panama	1990	2393441	75991	31.5
Panama	2000	2899513	75991	38.2
Panama	2010	3410676	75991	44.9
Papua New Guinea	1950	1412466	452860	3.1
Papua New Guinea	1960	1746986	452860	3.9
Papua New Guinea	1970	2288056	452860	5.1
Papua New Guinea	1980	2991217	452860	6.6
Papua New Guinea	1990	3828459	452860	8.5
Papua New Guinea	2000	4934083	452860	10.9
Papua New Guinea	2010	6182390	452860	13.7
Paraguay	1950	1475669	397301	3.7
Paraguay	1960	1909538	397301	4.8
Paraguay	1970	2476785	397301	6.2
Paraguay	1980	3195918	397301	8.0
Paraguay	1990	4244133	397301	10.7
Paraguay	2000	5592197	397301	14.1
Paraguay	2010	7162084	397301	18.0
Peru	1950	7632500	1279999	6.0
Peru	1960	9931000	1279999	7.8
Peru	1970	13192800	1279999	10.3
Peru	1980	17295298	1279999	13.5
Peru	1990	21599748	1279999	16.9
Peru	2000	26086695	1279999	20.4
Peru	2010	29907003	1279999	23.4
Philippines	1950	21131264	298171	70.9
Philippines	1960	28528939	298171	95.7
Philippines	1970	38603696	298171	129.5
Philippines	1980	50940182	298171	170.8
Philippines	1990	65087720	298171	218.3
Philippines	2000	81222082	298171	272.4
Philippines	2010	99900177	298171	335.0
Poland	1950	24824000	304465	81.5
Poland	1960	29589842	304465	97.2
Poland	1970	32526000	304465	106.8
Poland	1980	35578016	304465	116.9
Poland	1990	38119408	304465	125.2
Poland	2000	38654164	304465	127.0
Poland	2010	38463689	304465	126.3
Portugal	1950	8442750	91951	91.8
Portugal	1960	9036700	91951	98.3
Portugal	1970	9044200	91951	98.4
Portugal	1980	9777800	91951	106.3
Portugal	1990	9922689	91951	107.9
Portugal	2000	10335597	91951	112.4
Portugal	2010	10735765	91951	116.8
Puerto Rico	1950	2218000	8870	250.1
Puerto Rico	1960	2358000	8870	265.8
Puerto Rico	1970	2721754	8870	306.8
Puerto Rico	1980	3209648	8870	361.9
Puerto Rico	1990	3536910	8870	398.7
Puerto Rico	2000	3814413	8870	430.0
Puerto Rico	2010	3984118	8870	449.2
Qatar	1950	25101	11437	2.2
Qatar	1960	45588	11437	4.0
Qatar	1970	115302	11437	10.1
Qatar	1980	236900	11437	20.7
Qatar	1990	446131	11437	39.0
Qatar	2000	626964	11437	54.8
Qatar	2010	840926	11437	73.5
Romania	1950	16311000	230339	70.8
Romania	1960	18403414	230339	79.9
Romania	1970	20252541	230339	87.9
Romania	1980	22130036	230339	96.1
Romania	1990	22865945	230339	99.3
Romania	2000	22451921	230339	97.5
Romania	2010	22181287	230339	96.3
Russia	1950	101936816	16995800	6.0
Russia	1960	119631633	16995800	7.0
Russia	1970	130245476	16995800	7.7
Russia	1980	139038849	16995800	8.2
Russia	1990	147973076	16995800	8.7
Russia	2000	146709971	16995800	8.6
Russia	2010	139390205	16995800	8.2
Rwanda	1950	2439435	24949	97.8
Rwanda	1960	3031804	24949	121.5
Rwanda	1970	3769171	24949	151.1
Rwanda	1980	5138478	24949	206.0
Rwanda	1990	6981760	24949	279.8
Rwanda	2000	8278209	24949	331.8
Rwanda	2010	10768777	24949	431.6
Saint Barthelemy	1950	2028	21	96.6
Saint Barthelemy	1960	2159	21	102.8
Saint Barthelemy	1970	2399	21	114.2
Saint Barthelemy	1980	2915	21	138.8
Saint Barthelemy	1990	5047	21	240.3
Saint Barthelemy	2000	7122	21	339.1
Saint Barthelemy	2010	7406	21	352.7
Saint Helena	1950	5248	413	12.7
Saint Helena	1960	5316	413	12.9
Saint Helena	1970	5676	413	13.7
Saint Helena	1980	6469	413	15.7
Saint Helena	1990	6681	413	16.2
Saint Helena	2000	7230	413	17.5
Saint Helena	2010	7670	413	18.6
Saint Kitts and Nevis	1950	44341	261	169.9
Saint Kitts and Nevis	1960	51112	261	195.8
Saint Kitts and Nevis	1970	46116	261	176.7
Saint Kitts and Nevis	1980	44480	261	170.4
Saint Kitts and Nevis	1990	41685	261	159.7
Saint Kitts and Nevis	2000	39089	261	149.8
Saint Kitts and Nevis	2010	40498	261	155.2
Saint Lucia	1950	79050	606	130.4
Saint Lucia	1960	87687	606	144.7
Saint Lucia	1970	102704	606	169.5
Saint Lucia	1980	122477	606	202.1
Saint Lucia	1990	137561	606	227.0
Saint Lucia	2000	153302	606	253.0
Saint Lucia	2010	160922	606	265.5
Saint Martin	1950	2869	54	53.1
Saint Martin	1960	4279	54	79.2
Saint Martin	1970	5450	54	100.9
Saint Martin	1980	7580	54	140.4
Saint Martin	1990	30036	54	556.2
Saint Martin	2000	28384	54	525.6
Saint Martin	2010	30235	54	559.9
Saint Pierre and Miquelon	1950	4594	241	19.1
Saint Pierre and Miquelon	1960	4919	241	20.4
Saint Pierre and Miquelon	1970	5475	241	22.7
Saint Pierre and Miquelon	1980	5990	241	24.9
Saint Pierre and Miquelon	1990	6424	241	26.7
Saint Pierre and Miquelon	2000	6896	241	28.6
Saint Pierre and Miquelon	2010	7056	241	29.3
Saint Vincent and the Grenadines	1950	66452	389	170.8
Saint Vincent and the Grenadines	1960	81021	389	208.3
Saint Vincent and the Grenadines	1970	87510	389	225.0
Saint Vincent and the Grenadines	1980	98139	389	252.3
Saint Vincent and the Grenadines	1990	107385	389	276.1
Saint Vincent and the Grenadines	2000	107861	389	277.3
Saint Vincent and the Grenadines	2010	104217	389	267.9
Samoa	1950	81858	2934	27.9
Samoa	1960	110043	2934	37.5
Samoa	1970	142331	2934	48.5
Samoa	1980	155177	2934	52.9
Samoa	1990	172257	2934	58.7
Samoa	2000	196769	2934	67.1
Samoa	2010	223007	2934	76.0
San Marino	1950	12780	60	213.0
San Marino	1960	15406	60	256.8
San Marino	1970	19189	60	319.8
San Marino	1980	21463	60	357.7
San Marino	1990	23469	60	391.1
San Marino	2000	26937	60	448.9
San Marino	2010	30669	60	511.1
Sao Tome and Principe	1950	59730	1001	59.7
Sao Tome and Principe	1960	63403	1001	63.3
Sao Tome and Principe	1970	73631	1001	73.6
Sao Tome and Principe	1980	94071	1001	94.0
Sao Tome and Principe	1990	119361	1001	119.2
Sao Tome and Principe	2000	159948	1001	159.8
Sao Tome and Principe	2010	219334	1001	219.1
Saudi Arabia	1950	3859801	2149690	1.8
Saudi Arabia	1960	4718301	2149690	2.2
Saudi Arabia	1970	6109051	2149690	2.8
Saudi Arabia	1980	9999161	2149690	4.7
Saudi Arabia	1990	16060761	2149690	7.5
Saudi Arabia	2000	23146685	2149690	10.8
Saudi Arabia	2010	29207277	2149690	13.6
Senegal	1950	2653637	191999	13.8
Senegal	1960	3269808	191999	17.0
Senegal	1970	4317891	191999	22.5
Senegal	1980	5787320	191999	30.1
Senegal	1990	8000632	191999	41.7
Senegal	2000	10678383	191999	55.6
Senegal	2010	14086103	191999	73.4
Serbia	1950	5956000	77474	76.9
Serbia	1960	6658968	77474	86.0
Serbia	1970	7248285	77474	93.6
Serbia	1980	7587622	77474	97.9
Serbia	1990	7786397	77474	100.5
Serbia	2000	7604335	77474	98.2
Serbia	2010	7344847	77474	94.8
Seychelles	1950	32903	456	72.2
Seychelles	1960	41662	456	91.4
Seychelles	1970	54106	456	118.7
Seychelles	1980	63954	456	140.2
Seychelles	1990	70800	456	155.3
Seychelles	2000	79158	456	173.6
Seychelles	2010	88340	456	193.7
Sierra Leone	1950	2087055	71621	29.1
Sierra Leone	1960	2396304	71621	33.5
Sierra Leone	1970	2789306	71621	38.9
Sierra Leone	1980	3334822	71621	46.6
Sierra Leone	1990	4226425	71621	59.0
Sierra Leone	2000	4815613	71621	67.2
Sierra Leone	2010	6588598	71621	92.0
Singapore	1950	1022100	682	1498.7
Singapore	1960	1646400	682	2414.1
Singapore	1970	2074507	682	3041.8
Singapore	1980	2413900	682	3539.4
Singapore	1990	3047100	682	4467.9
Singapore	2000	4036753	682	5919.0
Singapore	2010	4701069	682	6893.1
Slovakia	1950	3463446	48800	71.0
Slovakia	1960	3994270	48800	81.8
Slovakia	1970	4523873	48800	92.7
Slovakia	1980	4965958	48800	101.8
Slovakia	1990	5262616	48800	107.8
Slovakia	2000	5400320	48800	110.7
Slovakia	2010	5470306	48800	112.1
Slovenia	1950	1467759	20151	72.8
Slovenia	1960	1557756	20151	77.3
Slovenia	1970	1675739	20151	83.2
Slovenia	1980	1833000	20151	91.0
Slovenia	1990	1991210	20151	98.8
Slovenia	2000	2010557	20151	99.8
Slovenia	2010	2003136	20151	99.4
Solomon Islands	1950	106647	27539	3.9
Solomon Islands	1960	126363	27539	4.6
Solomon Islands	1970	163000	27539	5.9
Solomon Islands	1980	232561	27539	8.4
Solomon Islands	1990	334604	27539	12.2
Solomon Islands	2000	466281	27539	16.9
Solomon Islands	2010	609794	27539	22.1
Somalia	1950	2437932	627339	3.9
Somalia	1960	2955803	627339	4.7
Somalia	1970	3666949	627339	5.8
Somalia	1980	5793555	627339	9.2
Somalia	1990	6692038	627339	10.7
Somalia	2000	7385722	627339	11.8
Somalia	2010	10112453	627339	16.1
South Africa	1950	13595840	1219912	11.1
South Africa	1960	17416653	1219912	14.3
South Africa	1970	22739921	1219912	18.6
South Africa	1980	29251588	1219912	24.0
South Africa	1990	38476273	1219912	31.5
South Africa	2000	45064098	1219912	36.9
South Africa	2010	49109107	1219912	40.3
Korea	South	1950	20845771	98189	212.3
Korea	South	1960	24784140	98189	252.4
Korea	South	1970	32241000	98189	328.4
Korea	South	1980	38124000	98189	388.3
Korea	South	1990	42869000	98189	436.6
Korea	South	2000	46838842	98189	477.0
Korea	South	2010	48636068	98189	495.3
Spain	1950	28062963	499542	56.2
Spain	1960	30641187	499542	61.3
Spain	1970	33876479	499542	67.8
Spain	1980	37488360	499542	75.0
Spain	1990	39350769	499542	78.8
Spain	2000	40016081	499542	80.1
Spain	2010	40548753	499542	81.2
Sri Lanka	1950	7533097	64740	116.4
Sri Lanka	1960	9913489	64740	153.1
Sri Lanka	1970	12618720	64740	194.9
Sri Lanka	1980	15055970	64740	232.6
Sri Lanka	1990	17365080	64740	268.2
Sri Lanka	2000	19435869	64740	300.2
Sri Lanka	2010	21513990	64740	332.3
Sudan	1950	8051151	2376001	3.4
Sudan	1960	10588993	2376001	4.5
Sudan	1970	13787599	2376001	5.8
Sudan	1980	19063992	2376001	8.0
Sudan	1990	26049595	2376001	11.0
Sudan	2000	34193831	2376001	14.4
Sudan	2010	41980182	2376001	17.7
Suriname	1950	208068	161471	1.3
Suriname	1960	284298	161471	1.8
Suriname	1970	372353	161471	2.3
Suriname	1980	354083	161471	2.2
Suriname	1990	394801	161471	2.4
Suriname	2000	432485	161471	2.7
Suriname	2010	486618	161471	3.0
Swaziland	1950	277384	17200	16.1
Swaziland	1960	351842	17200	20.5
Swaziland	1970	455145	17200	26.5
Swaziland	1980	611447	17200	35.5
Swaziland	1990	884616	17200	51.4
Swaziland	2000	1109750	17200	64.5
Swaziland	2010	1118575	17200	65.0
Sweden	1950	7014005	410934	17.1
Sweden	1960	7480395	410934	18.2
Sweden	1970	8042803	410934	19.6
Sweden	1980	8310473	410934	20.2
Sweden	1990	8600815	410934	20.9
Sweden	2000	8923569	410934	21.7
Sweden	2010	9074055	410934	22.1
Switzerland	1950	4694000	39769	118.0
Switzerland	1960	5362000	39769	134.8
Switzerland	1970	6267000	39769	157.6
Switzerland	1980	6385229	39769	160.6
Switzerland	1990	6836626	39769	171.9
Switzerland	2000	7266920	39769	182.7
Switzerland	2010	7623438	39769	191.7
Syria	1950	3495000	184051	19.0
Syria	1960	4532557	184051	24.6
Syria	1970	6258053	184051	34.0
Syria	1980	8773582	184051	47.7
Syria	1990	12436046	184051	67.6
Syria	2000	16305659	184051	88.6
Syria	2010	20606142	184051	112.0
Taiwan	1950	7981454	32261	247.4
Taiwan	1960	11209160	32261	347.5
Taiwan	1970	14598316	32261	452.5
Taiwan	1980	17848320	32261	553.2
Taiwan	1990	20278248	32261	628.6
Taiwan	2000	22182864	32261	687.6
Taiwan	2010	23024956	32261	713.7
Tajikistan	1950	1530047	142700	10.7
Tajikistan	1960	2080556	142700	14.6
Tajikistan	1970	2938516	142700	20.6
Tajikistan	1980	3966425	142700	27.8
Tajikistan	1990	5272333	142700	36.9
Tajikistan	2000	6229697	142700	43.7
Tajikistan	2010	7487489	142700	52.5
Tanzania	1950	7934924	886039	9.0
Tanzania	1960	10259653	886039	11.6
Tanzania	1970	13806869	886039	15.6
Tanzania	1980	18665062	886039	21.1
Tanzania	1990	25214284	886039	28.5
Tanzania	2000	33712118	886039	38.0
Tanzania	2010	41892895	886039	47.3
Thailand	1950	20041628	511771	39.2
Thailand	1960	27512750	511771	53.8
Thailand	1970	37090871	511771	72.5
Thailand	1980	47025764	511771	91.9
Thailand	1990	55196722	511771	107.9
Thailand	2000	61862928	511771	120.9
Thailand	2010	66303290	511771	129.6
Timor-Leste	1950	435529	14609	29.8
Timor-Leste	1960	508860	14609	34.8
Timor-Leste	1970	597574	14609	40.9
Timor-Leste	1980	557162	14609	38.1
Timor-Leste	1990	746086	14609	51.1
Timor-Leste	2000	847141	14609	58.0
Timor-Leste	2010	1154625	14609	79.0
Togo	1950	1171897	54385	21.5
Togo	1960	1455900	54385	26.8
Togo	1970	1964128	54385	36.1
Togo	1980	2481375	54385	45.6
Togo	1990	3504813	54385	64.4
Togo	2000	4711655	54385	86.6
Togo	2010	6184969	54385	113.7
Tonga	1950	45744	717	63.8
Tonga	1960	63718	717	88.9
Tonga	1970	83100	717	115.9
Tonga	1980	91361	717	127.4
Tonga	1990	92116	717	128.5
Tonga	2000	102351	717	142.7
Tonga	2010	122580	717	171.0
Trinidad and Tobago	1950	632000	5128	123.2
Trinidad and Tobago	1960	841150	5128	164.0
Trinidad and Tobago	1970	955000	5128	186.2
Trinidad and Tobago	1980	1090513	5128	212.7
Trinidad and Tobago	1990	1255189	5128	244.8
Trinidad and Tobago	2000	1251775	5128	244.1
Trinidad and Tobago	2010	1228691	5128	239.6
Tunisia	1950	3517210	155361	22.6
Tunisia	1960	4149157	155361	26.7
Tunisia	1970	5098627	155361	32.8
Tunisia	1980	6443183	155361	41.5
Tunisia	1990	8211005	155361	52.9
Tunisia	2000	9567553	155361	61.6
Tunisia	2010	10589025	155361	68.2
Turkey	1950	21121639	770761	27.4
Turkey	1960	28217122	770761	36.6
Turkey	1970	35758382	770761	46.4
Turkey	1980	45047973	770761	58.4
Turkey	1990	56560676	770761	73.4
Turkey	2000	67329299	770761	87.4
Turkey	2010	77804122	770761	100.9
Turkmenistan	1950	1204075	488100	2.5
Turkmenistan	1960	1584820	488100	3.2
Turkmenistan	1970	2181272	488100	4.5
Turkmenistan	1980	2875133	488100	5.9
Turkmenistan	1990	3658462	488100	7.5
Turkmenistan	2000	4385485	488100	9.0
Turkmenistan	2010	4940916	488100	10.1
Turks and Caicos Islands	1950	5037	430	11.7
Turks and Caicos Islands	1960	5726	430	13.3
Turks and Caicos Islands	1970	5617	430	13.1
Turks and Caicos Islands	1980	7465	430	17.4
Turks and Caicos Islands	1990	11514	430	26.8
Turks and Caicos Islands	2000	17511	430	40.7
Turks and Caicos Islands	2010	23528	430	54.7
Tuvalu	1950	4676	26	179.8
Tuvalu	1960	5264	26	202.5
Tuvalu	1970	5815	26	223.7
Tuvalu	1980	7496	26	288.3
Tuvalu	1990	9180	26	353.1
Tuvalu	2000	10838	26	416.8
Tuvalu	2010	12576	26	483.7
Uganda	1950	5521758	199710	27.6
Uganda	1960	7261862	199710	36.4
Uganda	1970	9742933	199710	48.8
Uganda	1980	12414719	199710	62.2
Uganda	1990	17455758	199710	87.4
Uganda	2000	23955822	199710	120.0
Uganda	2010	33398682	199710	167.2
Ukraine	1950	36774854	603700	60.9
Ukraine	1960	42644035	603700	70.6
Ukraine	1970	47235697	603700	78.2
Ukraine	1980	50046649	603700	82.9
Ukraine	1990	51621524	603700	85.5
Ukraine	2000	49005222	603700	81.2
Ukraine	2010	45415596	603700	75.2
United Arab Emirates	1950	71520	82880	0.9
United Arab Emirates	1960	103048	82880	1.2
United Arab Emirates	1970	249369	82880	3.0
United Arab Emirates	1980	1000285	82880	12.1
United Arab Emirates	1990	1826250	82880	22.0
United Arab Emirates	2000	3219297	82880	38.8
United Arab Emirates	2010	4975593	82880	60.0
United Kingdom	1950	50127000	241590	207.5
United Kingdom	1960	52372000	241590	216.8
United Kingdom	1970	55632000	241590	230.3
United Kingdom	1980	56314000	241590	233.1
United Kingdom	1990	57493307	241590	238.0
United Kingdom	2000	59522468	241590	246.4
United Kingdom	2010	61284806	241590	253.7
United States	1950	152271000	9161923	16.6
United States	1960	180671000	9161923	19.7
United States	1970	205052000	9161923	22.4
United States	1980	227726463	9161923	24.9
United States	1990	250131894	9161923	27.3
United States	2000	282158336	9161923	30.8
United States	2010	310232863	9161923	33.9
Uruguay	1950	2194275	173621	12.6
Uruguay	1960	2530969	173621	14.6
Uruguay	1970	2823659	173621	16.3
Uruguay	1980	2930486	173621	16.9
Uruguay	1990	3109542	173621	17.9
Uruguay	2000	3328075	173621	19.2
Uruguay	2010	3510386	173621	20.2
Uzbekistan	1950	6292797	425400	14.8
Uzbekistan	1960	8531032	425400	20.1
Uzbekistan	1970	11940155	425400	28.1
Uzbekistan	1980	15993783	425400	37.6
Uzbekistan	1990	20530144	425400	48.3
Uzbekistan	2000	25041821	425400	58.9
Uzbekistan	2010	27865738	425400	65.5
Vanuatu	1950	52000	12200	4.3
Vanuatu	1960	66087	12200	5.4
Vanuatu	1970	85400	12200	7.0
Vanuatu	1980	116791	12200	9.6
Vanuatu	1990	153880	12200	12.6
Vanuatu	2000	189862	12200	15.6
Vanuatu	2010	221552	12200	18.2
Venezuela	1950	5009006	882050	5.7
Venezuela	1960	7556483	882050	8.6
Venezuela	1970	10758017	882050	12.2
Venezuela	1980	14767890	882050	16.7
Venezuela	1990	19325222	882050	21.9
Venezuela	2000	23492753	882050	26.6
Venezuela	2010	27223228	882050	30.9
Vietnam	1950	25348144	325361	77.9
Vietnam	1960	31656282	325361	97.3
Vietnam	1970	42576676	325361	130.9
Vietnam	1980	53715202	325361	165.1
Vietnam	1990	67282704	325361	206.8
Vietnam	2000	79060410	325361	243.0
Vietnam	2010	87814053	325361	269.9
Virgin Islands	U.S.	1950	26900	346	77.7
Virgin Islands	U.S.	1960	32500	346	93.9
Virgin Islands	U.S.	1970	63476	346	183.5
Virgin Islands	U.S.	1980	99636	346	288.0
Virgin Islands	U.S.	1990	103963	346	300.5
Virgin Islands	U.S.	2000	108639	346	314.0
Virgin Islands	U.S.	2010	109775	346	317.3
Virgin Islands	British	1950	6243	150	41.6
Virgin Islands	British	1960	7383	150	49.2
Virgin Islands	British	1970	9828	150	65.5
Virgin Islands	British	1980	10998	150	73.3
Virgin Islands	British	1990	15691	150	104.6
Virgin Islands	British	2000	20384	150	135.9
Virgin Islands	British	2010	24939	150	166.3
Wallis and Futuna	1950	6962	274	25.4
Wallis and Futuna	1960	7889	274	28.8
Wallis and Futuna	1970	8700	274	31.8
Wallis and Futuna	1980	10800	274	39.4
Wallis and Futuna	1990	13476	274	49.2
Wallis and Futuna	2000	14666	274	53.5
Wallis and Futuna	2010	15343	274	56.0
West Bank	1950	771165	5641	136.7
West Bank	1960	805288	5641	142.8
West Bank	1970	689791	5641	122.3
West Bank	1980	904220	5641	160.3
West Bank	1990	1252834	5641	222.1
West Bank	2000	1979647	5641	350.9
West Bank	2010	2514845	5641	445.8
Western Sahara	1950	9057	266001	0.0
Western Sahara	1960	27811	266001	0.1
Western Sahara	1970	89131	266001	0.3
Western Sahara	1980	130342	266001	0.5
Western Sahara	1990	221385	266001	0.8
Western Sahara	2000	308794	266001	1.2
Western Sahara	2010	416758	266001	1.6
Yemen	1950	4777089	527969	9.0
Yemen	1960	5871831	527969	11.1
Yemen	1970	7098239	527969	13.4
Yemen	1980	9132545	527969	17.3
Yemen	1990	12416080	527969	23.5
Yemen	2000	17495140	527969	33.1
Yemen	2010	24658362	527969	46.7
Zambia	1950	2553000	740724	3.4
Zambia	1960	3254000	740724	4.4
Zambia	1970	4251612	740724	5.7
Zambia	1980	5699777	740724	7.7
Zambia	1990	7977698	740724	10.8
Zambia	2000	10205262	740724	13.8
Zambia	2010	12056923	740724	16.3
Zimbabwe	1950	2853151	386669	7.4
Zimbabwe	1960	4010933	386669	10.4
Zimbabwe	1970	5514536	386669	14.3
Zimbabwe	1980	7169968	386669	18.5
Zimbabwe	1990	10156044	386669	26.3
Zimbabwe	2000	11820025	386669	30.6
Zimbabwe	2010	11651858	386669	30.1
